id,time,WT_IgA,DoI,inf,popPred_medianCOV,popPred,indivPred_SAEM,indivPred_mean,indivPred_mode,indWRes_SAEM,indWRes_mean,indWRes_mode
PHA1,0,12.03,0,0,1.83212,1.83212,10.9229,10.8491,10.3377,0.372784,0.400314,0.602055
PHA1,28,37.2,0,0,27.8911,27.8911,46.8951,46.5626,44.8916,-0.760352,-0.739518,-0.630146
PHA1,180,36.65,0,0,22.638,22.638,30.3582,29.8953,27.2094,0.762237,0.83099,1.27605
PHA1,360,9.05,0,0,17.6808,17.6808,18.1464,17.6959,15.0382,-1.84361,-1.79691,-1.4645
PHA10,0,3.255,0,0,1.83212,1.83212,3.06091,3.67832,3.31166,0.23321,-0.423266,-0.062926
PHA10,28,47.5,0,0,27.8911,27.8911,45.5511,48.295,43.4865,0.157358,-0.0605423,0.339435
PHA10,180,39.8,0,0,22.638,22.638,40.7231,43.0353,38.7928,-0.0833637,-0.276492,0.0954854
PHA10,360,46.4,0,0,17.6808,17.6808,35.662,37.5412,33.8842,1.10741,0.86787,1.35848
PHA11,0,0.525,0,0,1.83212,1.83212,0.581016,0.601892,0.554118,-0.35458,-0.469843,-0.193261
PHA11,28,37.625,0,0,27.8911,27.8911,31.6543,30.4489,29.2422,0.693717,0.866775,1.05431
PHA11,180,14.48,0,0,22.638,22.638,21.8789,20.473,18.9646,-1.24374,-1.0766,-0.869706
PHA11,360,11.95,0,0,17.6808,17.6808,14.1285,12.7996,11.3603,-0.567086,-0.244117,0.190912
PHA12,0,0.7925,0,0,1.83212,1.83212,0.916011,0.915628,0.815581,-0.495899,-0.49457,-0.104081
PHA12,28,45.025,0,0,27.8911,27.8911,41.1737,41.1545,38.1525,0.344012,0.345887,0.662497
PHA12,180,31.9,0,0,22.638,22.638,35.4261,35.3807,32.6,-0.366067,-0.36182,-0.0789741
PHA12,360,32.75,0,0,17.6808,17.6808,29.6461,29.5795,27.0582,0.385062,0.394205,0.773645
PHA13,0,10.8975,0,0,1.83212,1.83212,9.61001,9.8045,9.46631,0.492729,0.409999,0.55604
PHA13,28,44.75,0,0,27.8911,27.8911,46.6738,47.5867,43.9564,-0.151592,-0.219239,0.0663971
PHA13,180,36.7,0,0,22.638,22.638,39.697,39.9572,36.6781,-0.277661,-0.299802,0.0021989
PHA13,360,34,0,0,17.6808,17.6808,32.7685,32.4856,29.599,0.138224,0.17145,0.546848
PHA14,0,8.5375,0,0,1.83212,1.83212,7.78679,7.3542,7.50561,0.354571,0.591764,0.505634
PHA14,28,48.325,0,0,27.8911,27.8911,41.3517,41.0292,39.8098,0.620201,0.653992,0.786674
PHA14,180,24.8,0,0,22.638,22.638,31.3778,30.9071,29.523,-0.770992,-0.726716,-0.588368
PHA14,360,22.15,0,0,17.6808,17.6808,22.6299,22.0989,20.722,-0.0779866,0.00849994,0.253447
PHA15,0,11.1725,0,0,1.83212,1.83212,8.57899,9.43274,8.32768,1.11184,0.678332,1.25638
PHA15,28,26.25,0,0,27.8911,27.8911,36.9888,38.2669,35.2025,-1.06776,-1.15494,-0.93532
PHA15,180,18.55,0,0,22.638,22.638,26.1182,27.0694,23.9736,-1.06571,-1.1575,-0.832035
PHA15,360,16.25,0,0,17.6808,17.6808,17.2982,17.9666,15.2165,-0.22286,-0.351385,0.249788
PHA16,0,11.165,0,0,1.83212,0.789057,9.86157,9.739,9.47851,0.486105,0.538513,0.654387
PHA16,28,35.75,0,0,27.8911,26.8666,41.4554,43.8434,40.3849,-0.506171,-0.67892,-0.422094
PHA16,180,21.5,0,0,22.638,17.7279,17.6451,19.4172,16.7778,0.803492,0.3945,1.03513
PHA16,360,5.075,0,0,17.6808,10.8393,6.41748,7.40144,5.92957,-0.769366,-1.15602,-0.530046
PHA17,0,0.635,0,0,1.83212,0.789057,0.713469,0.76779,0.659429,-0.404493,-0.63608,-0.136247
PHA17,28,20.5075,0,0,27.8911,26.8666,25.1264,27.0274,23.1388,-0.676079,-0.887206,-0.418238
PHA17,180,13.1,0,0,22.638,17.7279,10.7656,11.3119,9.36533,0.797503,0.581379,1.46662
PHA17,360,2.195,0,0,17.6808,10.8393,3.94609,4.03296,3.20915,-1.63204,-1.67611,-1.16225
PHA18,0,0.38,0,0,1.83212,0.789057,0.425472,0.516749,0.379774,-0.393065,-0.973271,0.00218564
PHA18,28,28.3,0,0,27.8911,26.8666,30.0248,28.5447,26.6923,-0.211276,-0.0315344,0.221519
PHA18,180,14.75,0,0,22.638,17.7279,16.9654,15.4841,13.9803,-0.480257,-0.174374,0.202494
PHA18,360,6.68,0,0,17.6808,10.8393,8.62939,7.50478,6.50039,-0.830824,-0.404195,0.101623
PHA19,0,0.4325,0,0,1.83212,0.789057,0.44506,0.570572,0.481448,-0.10379,-0.889991,-0.373914
PHA19,28,26.15,0,0,27.8911,26.8666,24.3633,25.1718,22.2641,0.269707,0.142931,0.641914
PHA19,180,4.68,0,0,22.638,17.7279,6.00248,6.14694,5.22269,-0.810306,-0.877695,-0.382162
PHA19,360,1.005,0,0,17.6808,10.8393,1.14255,1.15783,0.938006,-0.442767,-0.485464,0.262677
PHA2,0,1.0475,0,0,1.83212,1.83212,1.26119,1.2194,1.05005,-0.62315,-0.518475,-0.00891587
PHA2,28,25.3,0,0,27.8911,27.8911,29.0173,28.4162,26.127,-0.471149,-0.403322,-0.116416
PHA2,180,23.75,0,0,22.638,22.638,24.6309,24.3552,22.1275,-0.131538,-0.0913846,0.269677
PHA2,360,21,0,0,17.6808,17.6808,20.2843,20.2884,18.174,0.12976,0.129004,0.571899
PHA20,0,6.185,0,0,1.83212,0.789057,5.55636,5.25269,5.2679,0.416103,0.65278,0.640282
PHA20,28,30.675,0,0,27.8911,26.8666,32.1311,32.3916,30.8693,-0.166664,-0.194904,-0.0231481
PHA20,180,19.48,0,0,22.638,17.7279,21.6771,21.1361,19.7401,-0.372764,-0.28817,-0.0484668
PHA20,360,12.6,0,0,17.6808,10.8393,13.6066,12.7532,11.6294,-0.272072,-0.0441806,0.30697
PHA21,0,0.227,0,0,1.83212,0.789057,0.283832,0.233977,0.22463,-0.736415,-0.109669,0.0388009
PHA21,28,40.375,0,0,27.8911,26.8666,45.5429,43.4431,46.9567,-0.417331,-0.259736,-0.515505
PHA21,180,9.445,0,0,22.638,17.7279,7.28166,7.71968,6.73177,1.09266,0.821976,1.48234
PHA21,360,0.46,0,0,17.6808,10.8393,0.830607,0.9979,0.674808,-1.641,-1.98246,-1.17074
PHA22,0,0.6225,0,0,1.83212,0.789057,0.793173,0.756692,0.599846,-0.791383,-0.652226,0.138897
PHA22,28,32.2,0,0,27.8911,26.8666,31.039,29.6291,27.3109,0.137563,0.319125,0.658394
PHA22,180,12.55,0,0,22.638,17.7279,15.4618,14.8169,13.1686,-0.692615,-0.56269,-0.172779
PHA22,360,5.9,0,0,17.6808,10.8393,6.77454,6.52198,5.55125,-0.474779,-0.350742,0.231055
PHA23,0,0.1855,0,0,1.83212,0.789057,0.212336,0.276298,0.198299,-0.46482,-1.20862,-0.237381
PHA23,28,31.675,0,0,27.8911,26.8666,36.7184,40.3544,34.8396,-0.505163,-0.791024,-0.33407
PHA23,180,7.515,0,0,22.638,17.7279,6.3083,7.23616,5.96542,0.703521,0.141723,0.955352
PHA23,360,0.65,0,0,17.6808,10.8393,0.78353,0.94549,0.737997,-0.626775,-1.14941,-0.438534
PHA24,0,3.34,0,0,1.83212,0.789057,3.43615,3.91107,3.66399,-0.102913,-0.537013,-0.325215
PHA24,28,39.525,0,0,27.8911,26.8666,39.989,38.7216,35.3661,-0.0426717,0.0763116,0.432494
PHA24,180,35.2,0,0,22.638,17.7279,26.0547,25.8127,24.5067,1.29092,1.33751,1.60479
PHA24,360,3.195,0,0,17.6808,10.8393,15.6933,15.9746,15.8732,-2.92905,-2.94223,-2.93753
PHA25,0,0.3495,0,0,1.83212,0.789057,0.464071,0.457786,0.352958,-0.907989,-0.869959,-0.0360305
PHA25,28,34.125,0,0,27.8911,26.8666,33.0229,30.8855,29.8163,0.122743,0.385757,0.53148
PHA25,180,15.55,0,0,22.638,17.7279,22.3866,21.3862,19.5974,-1.12316,-1.00366,-0.759567
PHA25,360,13.8,0,0,17.6808,10.8393,14.1325,13.8401,11.9269,-0.0865384,-0.0106489,0.577604
PHA26,0,1.5775,0,0,1.83212,0.789057,1.53403,1.63032,1.55221,0.10423,-0.119161,0.0599314
PHA26,28,36.875,0,0,27.8911,26.8666,39.7073,36.1865,34.4236,-0.262334,0.0699765,0.261904
PHA26,180,9.625,0,0,22.638,17.7279,33.6714,31.1636,29.0589,-2.62651,-2.54191,-2.45963
PHA26,360,34.15,0,0,17.6808,10.8393,27.6967,26.1075,23.7746,0.856922,1.13297,1.60502
PHA27,0,0.8975,0,0,1.83212,0.789057,0.925652,0.942666,0.86573,-0.111856,-0.176214,0.134966
PHA27,28,47.125,0,0,27.8911,26.8666,44.0431,44.0257,40.451,0.257357,0.258907,0.606798
PHA27,180,19.5,0,0,22.638,17.7279,36.2757,36.4393,33.7395,-1.70081,-1.70968,-1.5522
PHA27,360,38.25,0,0,17.6808,10.8393,28.8274,29.1255,27.2146,1.20215,1.15219,1.49133
PHA28,0,0.9125,126,1,1.83212,1.83212,0.897892,0.987528,0.936085,0.0598344,-0.279425,-0.0926634
PHA28,28,52.575,126,1,27.8911,27.8911,43.9489,46.8402,40.3516,0.721868,0.450287,1.1141
PHA28,180,57.35,126,1,38.4137,38.4137,57.5583,62.2966,53.9676,-0.0133103,-0.292035,0.230505
PHA28,360,47.1,126,1,34.0989,34.0989,51.067,55.1684,47.8387,-0.285702,-0.537881,-0.0567916
PHA29,0,0.9075,85,1,1.83212,1.83212,0.959104,0.992068,0.946064,-0.197882,-0.313514,-0.149917
PHA29,28,38.1,85,1,27.8911,27.8911,36.309,37.5768,32.513,0.181413,0.0512093,0.631993
PHA29,180,43.8,85,1,39.5582,39.5582,50.4599,51.4852,45.5764,-0.485415,-0.54899,-0.143347
PHA29,360,44.85,85,1,35.1149,35.1149,44.6718,45.8166,40.4656,0.0146726,-0.0775904,0.398491
PHA3,0,0.6475,0,0,1.83212,1.83212,0.791251,0.70943,0.680564,-0.668169,-0.321057,-0.178678
PHA3,28,23.825,0,0,27.8911,27.8911,26.2226,25.7087,24.6334,-0.336277,-0.269473,-0.120699
PHA3,180,21.65,0,0,22.638,22.638,20.483,19.8976,18.7227,0.209542,0.323904,0.575028
PHA3,360,12.78,0,0,17.6808,17.6808,15.2881,14.6903,13.5292,-0.603365,-0.47826,-0.20367
PHA30,0,0.5675,138,1,1.83212,1.83212,0.646535,0.609351,0.581724,-0.44959,-0.252599,-0.0899278
PHA30,28,36.525,138,1,27.8911,27.8911,32.9245,34.2392,30.9997,0.402194,0.245532,0.655518
PHA30,180,43.05,138,1,38.1641,38.1641,43.2736,45.4863,40.818,-0.0190065,-0.196986,0.201111
PHA30,360,35.75,138,1,33.8774,33.8774,38.3828,40.0228,36.208,-0.252272,-0.392637,-0.0465216
PHA31,0,11.2175,105,1,1.83212,1.83212,9.54175,9.401,8.98562,0.645908,0.710644,0.91351
PHA31,28,26.2,105,1,27.8911,27.8911,41.3141,41.2036,37.3794,-1.34547,-1.33921,-1.09996
PHA31,180,51.15,105,1,39.0674,39.0674,56.1321,54.6209,50.9032,-0.326434,-0.23371,0.0178302
PHA31,360,44.7,105,1,34.6793,34.6793,49.5315,48.3541,45.2188,-0.358746,-0.277934,-0.0421963
PHA32,0,16.6925,148,1,1.83212,1.83212,12.84,12.8537,12.1127,1.1035,1.09838,1.39059
PHA32,28,32.875,148,1,27.8911,27.8911,46.6728,46.5464,42.6936,-1.08727,-1.08023,-0.84582
PHA32,180,36,148,1,38.3044,38.3044,59.1558,57.2946,53.5557,-1.43963,-1.36693,-1.2056
PHA32,360,33.9,148,1,34.0019,34.0019,51.9598,50.4517,47.5953,-1.27831,-1.20658,-1.05827
PHA33,0,13.0275,86,1,1.83212,1.83212,10.9524,11.2828,11.3846,0.696826,0.568711,0.530728
PHA33,28,47.525,86,1,27.8911,27.8911,48.1436,48.0184,51.7754,-0.0472602,-0.0377893,-0.301923
PHA33,180,52.45,86,1,39.6999,39.6999,65.7392,66.2772,45.7612,-0.74347,-0.767292,0.537574
PHA33,360,46.75,86,1,35.2407,35.2407,57.9642,58.7773,40.6779,-0.711537,-0.752571,0.548995
PHA34,0,17.95,159,1,1.83212,1.83212,14.9888,14.434,14.2028,0.726581,0.895886,0.970322
PHA34,28,45.475,159,1,27.8911,27.8911,54.2785,53.0969,46.4367,-0.596508,-0.527941,-0.0761653
PHA34,180,52.35,159,1,37.4766,37.4766,65.0758,67.3379,59.1281,-0.719209,-0.818598,-0.421603
PHA34,360,45.55,159,1,33.258,33.258,57.3117,59.431,52.3704,-0.754773,-0.859009,-0.478973
PHA35,0,0.7125,134,1,1.83212,1.83212,0.826491,0.825577,0.722268,-0.50725,-0.50374,-0.0497404
PHA35,28,30.425,134,1,27.8911,27.8911,32.2014,33.8688,28.1852,-0.202887,-0.373961,0.292265
PHA35,180,46.35,134,1,38.8668,38.8668,43.0045,44.2875,38.424,0.286113,0.171277,0.758648
PHA35,360,30.45,134,1,34.5012,34.5012,38.1149,39.1732,34.0613,-0.739611,-0.818986,-0.389932
PHA36,0,2.27,122,1,1.83212,1.83212,2.42573,2.51613,2.40491,-0.236111,-0.359765,-0.206318
PHA36,28,31.925,122,1,27.8911,27.8911,29.4422,30.5449,26.9301,0.310138,0.166177,0.682146
PHA36,180,33.8,122,1,38.64,38.64,38.3884,39.8269,36.4779,-0.439593,-0.556556,-0.269992
PHA36,360,33,122,1,34.2999,34.2999,34.0815,35.3541,32.3849,-0.116712,-0.244894,0.0698554
PHA37,0,1.61,67,1,1.83212,1.83212,1.87807,2.05984,1.68251,-0.524964,-0.803186,-0.158497
PHA37,28,38.6,67,1,27.8911,27.8911,34.4656,35.7624,30.9409,0.441178,0.291818,0.91041
PHA37,180,51.8,67,1,40.1823,40.1823,48.8481,50.1553,44.3009,0.222251,0.120601,0.622564
PHA37,360,34.3,67,1,35.6689,35.6689,43.0831,44.3685,39.2445,-0.749777,-0.834605,-0.463378
PHA38,0,2.5225,118,1,1.83212,1.83212,2.55842,2.56698,2.43365,-0.0516432,-0.0637299,0.13427
PHA38,28,25.98,118,1,27.8911,27.8911,27.683,28.2831,24.9564,-0.226257,-0.29948,0.150841
PHA38,180,36.95,118,1,38.8016,38.8016,38.261,37.5718,34.5185,-0.126017,-0.0608649,0.259072
PHA38,360,28.75,118,1,34.4433,34.4433,33.7688,33.2272,30.6162,-0.546605,-0.495567,-0.224175
PHA39,0,0.47575,63,1,1.83212,1.83212,0.504824,0.617933,0.540796,-0.211813,-0.846246,-0.442362
PHA39,28,29.7,63,1,27.8911,27.8911,29.9557,32.885,27.6038,-0.0313934,-0.356207,0.279291
PHA39,180,40.5,63,1,39.9622,39.9622,42.8652,46.9834,39.8026,-0.202934,-0.507517,0.064444
PHA39,360,39.975,63,1,35.4735,35.4735,37.8677,41.6569,35.415,0.204664,-0.148491,0.473555
PHA4,0,4.1675,0,0,1.83212,1.83212,4.59578,4.97264,3.86316,-0.342735,-0.59549,0.289742
PHA4,28,39.875,0,0,27.8911,27.8911,40.5605,41.6999,37.7085,-0.0621571,-0.16095,0.211306
PHA4,180,34.55,0,0,22.638,22.638,34.7592,35.5026,32.7467,-0.0221301,-0.0986839,0.202535
PHA4,360,33.1,0,0,17.6808,17.6808,28.9504,29.3414,27.7064,0.527152,0.471118,0.715953
PHA40,0,5.285,133,1,1.83212,1.83212,5.17358,5.09316,4.64265,0.0792085,0.138526,0.508857
PHA40,28,35.925,133,1,27.8911,27.8911,33.905,34.8524,31.7376,0.219121,0.113192,0.485244
PHA40,180,43.8,133,1,38.3276,38.3276,44.3643,46.2995,41.4346,-0.0467829,-0.198549,0.209953
PHA40,360,32.15,133,1,34.0225,34.0225,39.3416,40.9071,36.7091,-0.672299,-0.787324,-0.45677
PHA41,0,2.61,80,1,1.83212,1.83212,2.70362,3.02344,2.69822,-0.127351,-0.502924,-0.120249
PHA41,28,42.5,80,1,27.8911,27.8911,38.8709,39.3621,35.3201,0.343367,0.293187,0.747625
PHA41,180,59.3,80,1,39.3053,39.3053,55.306,53.7161,51.1156,0.265598,0.382315,0.588879
PHA41,360,47.3,80,1,34.8904,34.8904,49.0691,47.4012,45.3487,-0.132598,-0.00785505,0.158251
PHA42,0,0.395,114,1,1.83212,1.83212,0.483261,0.478301,0.435846,-0.671702,-0.640526,-0.344672
PHA42,28,36.325,114,1,27.8911,27.8911,38.1877,36.8692,31.2103,-0.179398,-0.0542816,0.602721
PHA42,180,44.95,114,1,39.3522,39.3522,51.9336,49.5288,41.1009,-0.494561,-0.340007,0.344423
PHA42,360,32.95,114,1,34.9321,34.9321,46.0571,44.001,36.4455,-1.04665,-0.923695,-0.352738
PHA43,0,1.05,58,1,1.83212,1.83212,1.09115,1.09543,1.05182,-0.138693,-0.152533,-0.00636692
PHA43,28,48.9,58,1,27.8911,27.8911,42.5416,41.4136,38.2089,0.549697,0.664847,1.02908
PHA43,180,50.8,58,1,40.3399,40.3399,61.7065,58.6727,54.8928,-0.650046,-0.493489,-0.274218
PHA43,360,56,58,1,35.8088,35.8088,54.8039,51.9674,48.6719,0.0802663,0.285391,0.553737
PHA44,0,16.0725,80,1,1.83212,1.83212,13.1895,12.4778,11.9716,0.803896,1.05955,1.25986
PHA44,28,45.425,80,1,27.8911,27.8911,49.7215,50.8476,44.1734,-0.317804,-0.392218,0.104209
PHA44,180,55.65,80,1,39.3053,39.3053,67.3985,71.1885,62.036,-0.641097,-0.802766,-0.378597
PHA44,360,37.85,80,1,34.8904,34.8904,59.3609,62.8673,54.844,-1.33275,-1.46354,-1.13961
PHA45,0,0.4275,65,1,1.83212,0.789057,0.442265,0.482024,0.449554,-0.122786,-0.416018,-0.180427
PHA45,28,42.825,65,1,27.8911,26.8666,35.2915,35.2253,31.6444,0.785091,0.793472,1.29944
PHA45,180,45.65,65,1,40.1903,42.0582,53.3182,49.8284,46.0795,-0.528944,-0.308409,-0.0342786
PHA45,360,22.2,65,1,35.676,36.3151,44.9109,42.5916,39.372,-1.85983,-1.76083,-1.60407
PHA46,0,0.39,139,1,1.83212,0.789057,0.466085,0.4702,0.405234,-0.600379,-0.627311,-0.138262
PHA46,28,17.9525,139,1,27.8911,26.8666,28.8436,29.02,24.4356,-1.38871,-1.40262,-0.975776
PHA46,180,41.75,139,1,38.3176,36.8535,41.1431,39.5182,36.3443,0.0542492,0.207707,0.547021
PHA46,360,35.95,139,1,34.0137,31.8211,35.5649,34.0028,31.4122,0.039826,0.210617,0.531297
PHA48,0,0.69,168,1,1.83212,0.789057,0.699759,0.670878,0.638788,-0.0512935,0.104831,0.294855
PHA48,28,35.05,168,1,27.8911,26.8666,33.0375,33.9818,32.3275,0.224042,0.11561,0.309733
PHA48,180,41.15,168,1,30.1706,25.8377,33.9873,34.5469,32.5056,0.775092,0.702953,0.978068
PHA48,360,28.55,168,1,33.0829,29.3641,38.3143,39.0466,36.8627,-0.937285,-0.988677,-0.829364
PHA49,0,0.2105,130,1,1.83212,0.789057,0.310719,0.302152,0.249725,-1.18624,-1.11559,-0.577682
PHA49,28,19.065,130,1,27.8911,26.8666,31.1262,30.3086,26.1707,-1.42513,-1.36436,-0.998577
PHA49,180,44.5,130,1,38.7151,37.7543,43.2419,43.8619,38.169,0.107005,0.0535033,0.610036
PHA49,360,36.55,130,1,34.3665,32.5989,37.3045,37.675,32.9356,-0.0743865,-0.109824,0.403604
PHA5,0,0.159,0,0,1.83212,0.789057,0.162371,0.20025,0.169912,-0.0763485,-0.757596,-0.236204
PHA5,28,33.9,0,0,27.8911,26.8666,60.6678,60.4223,51.3821,-1.62272,-1.61437,-1.25133
PHA5,180,44.25,0,0,22.638,17.7279,47.8735,47.9422,42.1992,-0.278369,-0.28324,0.178738
PHA5,360,43.35,0,0,17.6808,10.8393,36.1648,36.4526,33.4209,0.730706,0.6959,1.09265
PHA50,0,1.3725,130,1,1.83212,0.789057,1.47002,1.52195,1.42136,-0.243973,-0.361142,-0.126421
PHA50,28,47.475,130,1,27.8911,26.8666,40.4405,40.8332,38.0859,0.639739,0.598222,0.906667
PHA50,180,53.085,130,1,38.7151,37.7543,56.9761,58.1572,52.532,-0.25117,-0.320765,0.0387155
PHA50,360,51.5,130,1,34.3665,32.5989,49.3727,50.1918,45.2828,0.158464,0.0958577,0.50495
PHA51,0,23.5,83,1,1.83212,0.789057,17.3321,17.056,16.6931,1.30882,1.38953,1.4997
PHA51,28,37.35,83,1,27.8911,26.8666,54.7906,52.2856,48.8045,-1.1707,-1.05058,-0.86319
PHA51,180,43.75,83,1,38.9212,40.0402,68.0194,66.5519,66.8882,-1.31225,-1.26009,-1.27224
PHA51,360,41.65,83,1,34.5494,34.5727,57.6688,56.6471,57.7232,-1.0216,-0.973688,-1.0241
PHA52,0,0.245,96,1,1.83212,0.789057,0.263163,0.321563,0.264022,-0.253842,-0.875672,-0.26497
PHA52,28,33.725,96,1,27.8911,26.8666,33.6562,34.4106,29.7934,0.00751313,-0.0732737,0.485326
PHA52,180,49.05,96,1,39.0115,39.4228,46.5477,48.8516,41.227,0.197709,0.014937,0.697883
PHA52,360,30.1,96,1,34.6296,34.0396,40.0295,41.8743,35.4653,-0.912297,-1.03413,-0.556392
PHA53,0,0.665,132,1,1.83212,0.789057,0.684855,0.696855,0.65192,-0.106623,-0.168121,0.0737935
PHA53,28,42.725,132,1,27.8911,26.8666,38.1526,39.9116,35.4655,0.440768,0.259256,0.752822
PHA53,180,54.5,132,1,38.6791,37.1456,52.4288,54.4559,50.5127,0.145289,0.00297562,0.290318
PHA53,360,46.55,132,1,34.3346,32.0733,45.1408,46.9153,43.5857,0.114817,-0.028635,0.250129
PHA54,0,0.9975,127,1,1.83212,0.789057,1.06219,1.14138,1.08674,-0.223977,-0.463625,-0.302002
PHA54,28,26.975,127,1,27.8911,26.8666,30.8791,31.4372,29.1895,-0.464995,-0.522034,-0.279026
PHA54,180,51.1,127,1,38.303,37.1946,44.2913,43.9129,44.0942,0.565375,0.601934,0.584339
PHA54,360,39.9,127,1,34.0007,32.1156,38.2519,37.771,38.0416,0.158462,0.207303,0.179664
PHA55,0,0.79,116,1,1.83212,0.789057,0.865496,0.832696,0.806086,-0.320811,-0.188579,-0.0733942
PHA55,28,16.135,116,1,27.8911,26.8666,30.0242,28.8839,27.129,-1.70136,-1.62333,-1.49043
PHA55,180,45.3,116,1,38.3015,38.0154,44.3903,42.6432,41.3067,0.0753691,0.229143,0.355553
PHA55,360,45.55,116,1,33.9994,32.8244,38.584,36.9037,35.8895,0.663996,0.861694,0.989971
PHA56,0,2.415,140,1,1.83212,0.789057,2.46831,2.41662,2.2887,-0.0794339,-0.00247086,0.20295
PHA56,28,19.025,140,1,27.8911,26.8666,28.8142,28.2123,25.8592,-1.24949,-1.19768,-0.971989
PHA56,180,43.15,140,1,38.0045,36.4982,40.7797,39.3529,38.8955,0.213767,0.354864,0.402295
PHA56,360,40.4,140,1,33.7357,31.5144,35.2732,33.982,33.6783,0.534549,0.694608,0.734044
PHA58,0,0.32225,103,1,1.83212,0.789057,0.356553,0.375979,0.33576,-0.353833,-0.525576,-0.14798
PHA58,28,36.375,103,1,27.8911,26.8666,31.9141,32.3955,30.4278,0.514083,0.451788,0.718835
PHA58,180,42,103,1,38.9551,39.1859,43.706,44.0703,38.5045,-0.143556,-0.172773,0.333877
PHA58,360,29.45,103,1,34.5795,33.835,37.5496,37.6266,33.1752,-0.79332,-0.799222,-0.41298
PHA6,0,1.365,0,0,1.83212,1.83212,1.47977,1.71692,1.579,-0.285252,-0.753846,-0.498454
PHA6,28,39.35,0,0,27.8911,27.8911,34.1534,36.5146,31.7274,0.559599,0.285583,0.883606
PHA6,180,26.15,0,0,22.638,22.638,23.9385,25.8954,21.5274,0.339771,0.0361538,0.789732
PHA6,360,11.325,0,0,17.6808,17.6808,15.7165,17.239,13.6044,-1.02765,-1.26171,-0.616217
PHA60,0,20.7,196,1,1.83212,1.83212,15.2107,15.5461,15.455,1.32725,1.21929,1.24815
PHA60,28,39.5,196,1,27.8911,27.8911,51.7816,52.8541,49.8877,-0.872307,-0.929235,-0.7658
PHA60,180,29.3,196,1,22.6408,22.6408,33.4039,33.1865,30.5752,-0.451845,-0.430709,-0.153392
PHA60,360,47.05,196,1,32.9413,43.9422,62.7913,62.5459,57.1839,-0.922002,-0.911187,-0.651766
PHA61,0,0.43,252,1,1.83212,1.83212,0.498231,0.621043,0.54848,-0.503662,-1.13136,-0.794466
PHA61,28,20.9025,252,1,27.8911,27.8911,22.5686,22.4891,19.8836,-0.271511,-0.259472,0.188461
PHA61,180,6.725,252,1,22.638,22.638,17.5507,17.2166,15.5408,-2.26856,-2.24122,-2.08631
PHA61,360,34.45,252,1,31.0912,41.9684,32.0157,31.0924,28.901,0.279638,0.397154,0.706142
PHA62,0,0.7625,345,1,1.83212,1.83212,1.00641,0.879461,0.785637,-0.89135,-0.489117,-0.108312
PHA62,28,29.925,345,1,27.8911,27.8911,32.1115,35.1495,28.5405,-0.250421,-0.546656,0.178414
PHA62,180,26.8,345,1,22.638,22.638,26.4033,27.5866,23.3772,0.0552549,-0.104866,0.538495
PHA62,360,34.4,345,1,25.4792,31.4764,37.1776,36.5095,32.4965,-0.274776,-0.212504,0.215429
PHA63,0,0.8325,334,1,1.83212,1.83212,0.86112,0.843156,0.810986,-0.122235,-0.0464793,0.0975649
PHA63,28,40.4,334,1,27.8911,27.8911,38.9896,39.2765,34.2872,0.133037,0.105201,0.655694
PHA63,180,31.4,334,1,22.638,22.638,30.3386,30.7245,27.5922,0.128668,0.0808626,0.507549
PHA63,360,47.45,334,1,29.6508,39.7785,52.623,53.6389,47.5969,-0.361543,-0.424349,-0.0113499
PHA64,0,0.995,221,1,1.83212,1.83212,1.24452,1.23182,1.14947,-0.737379,-0.70708,-0.494249
PHA64,28,22.675,221,1,27.8911,27.8911,22.844,24.9005,22.0626,-0.0272028,-0.328709,0.102086
PHA64,180,14.8,221,1,22.638,22.638,18.2609,19.2891,17.8568,-0.697041,-0.855934,-0.629591
PHA64,360,37.9,221,1,31.7969,43.1535,34.5476,36.4357,34.1752,0.35688,0.147805,0.40085
PHA65,0,0.3075,318,1,1.83212,1.83212,0.548601,0.387057,0.358304,-1.61634,-0.755947,-0.521475
PHA65,28,23.85,318,1,27.8911,27.8911,29.2419,25.8594,23.1387,-0.67815,-0.285782,0.113052
PHA65,180,11.48,318,1,22.638,22.638,23.2231,20.4443,18.5351,-1.85974,-1.61263,-1.3999
PHA65,360,39.6,318,1,29.8911,40.355,40.1656,35.453,33.0221,-0.0517922,0.430196,0.732608
PHA66,0,1.525,219,1,1.83212,1.83212,1.71537,1.71626,1.65312,-0.408158,-0.409849,-0.285047
PHA66,28,49.6,219,1,27.8911,27.8911,38.8,38.6838,35.9662,1.02373,1.03784,1.39416
PHA66,180,20.9,219,1,22.638,22.638,29.6943,27.5724,27.1309,-1.08922,-0.890011,-0.844651
PHA66,360,51.85,219,1,32.0155,43.2965,55.2017,50.5097,50.5003,-0.223306,0.0975908,0.0982951
PHA67,0,0.85,355,1,1.83212,1.83212,0.796624,0.83651,0.808083,0.246425,0.0593085,0.190775
PHA67,28,57.225,355,1,27.8911,27.8911,57.3932,56.0699,53.1749,-0.0107774,0.0757694,0.280124
PHA67,180,50.8,355,1,22.638,22.638,50.5282,48.3207,46.1571,0.0197832,0.188706,0.369946
PHA67,360,55.95,355,1,19.9752,21.3807,43.5306,49.036,47.409,1.04929,0.518567,0.662579
PHA68,0,0.73,207,1,1.83212,1.83212,0.864459,0.802553,0.764848,-0.572051,-0.332483,-0.167568
PHA68,28,41.625,207,1,27.8911,27.8911,37.1324,35.86,32.9024,0.444979,0.59126,0.975005
PHA68,180,28.3,207,1,22.6408,22.6408,27.4293,27.1608,25.0324,0.116753,0.154264,0.480087
PHA68,360,38.85,207,1,31.8938,43.5187,51.5634,51.4232,47.2383,-0.906799,-0.899241,-0.653086
PHA7,0,0.5425,0,0,1.83212,1.83212,0.610787,0.657119,0.619592,-0.411187,-0.641507,-0.457606
PHA7,28,22.2,0,0,27.8911,27.8911,25.1499,23.8624,22.4954,-0.431383,-0.256219,-0.0482887
PHA7,180,19.45,0,0,22.638,22.638,20.4965,19.3016,18.1675,-0.187777,0.0282773,0.259631
PHA7,360,15.1,0,0,17.6808,17.6808,16.0855,15.0137,14.1055,-0.225318,0.0211299,0.25929
PHA70,0,3.725,351,1,1.83212,1.83212,4.70545,4.21387,4.01968,-0.766326,-0.42668,-0.269619
PHA70,28,44.325,351,1,27.8911,27.8911,42.2155,44.515,41.3393,0.183783,-0.0157001,0.265624
PHA70,180,27.55,351,1,22.638,22.638,37.075,37.9724,35.9603,-0.944875,-1.00946,-0.860158
PHA70,360,58.9,351,1,21.9757,24.9294,31.8653,44.3408,43.4265,3.12028,1.2076,1.31046
PHA72,0,0.13225,250,1,1.83212,1.83212,0.21217,0.217369,0.178464,-1.38535,-1.44019,-0.952386
PHA72,28,30.825,250,1,27.8911,27.8911,39.4435,41.6722,32.598,-0.803608,-0.957331,-0.200033
PHA72,180,32.6,250,1,22.638,22.638,31.4093,32.7552,26.2751,0.13942,-0.017429,0.885316
PHA72,360,41.225,250,1,31.6167,42.1744,57.7309,60.137,48.4247,-1.05153,-1.15661,-0.546813
PHA73,0,1.2475,249,1,1.83212,1.83212,1.44912,1.29006,1.23929,-0.511709,-0.121338,0.024377
PHA73,28,37.2,249,1,27.8911,27.8911,30.1072,31.3978,29.1757,0.866445,0.679654,1.01152
PHA73,180,15.025,249,1,22.638,22.638,23.2638,23.0721,22.1857,-1.30249,-1.28275,-1.18706
PHA73,360,46.1,249,1,31.5495,42.4085,42.1573,41.3819,41.7356,0.343964,0.419319,0.3846
PHA75,0,0.56,251,1,1.83212,0.789057,0.667341,0.605449,0.559499,-0.591571,-0.27608,0.00329208
PHA75,28,33.65,251,1,27.8911,26.8666,29.9526,29.4383,28.2134,0.45399,0.52618,0.708707
PHA75,180,11.705,251,1,22.638,17.7279,19.2826,19.6469,17.6668,-1.4453,-1.48669,-1.2411
PHA75,360,44.65,251,1,31.2314,37.6318,39.8118,42.4623,37.2031,0.446952,0.189486,0.736181
PHA76,0,0.46,332,1,1.83212,0.789057,0.595853,0.528681,0.495631,-0.838534,-0.477784,-0.2644
PHA76,28,20.5925,332,1,27.8911,26.8666,21.4685,22.5878,19.6621,-0.150073,-0.324884,0.174041
PHA76,180,5.105,332,1,22.638,17.7279,14.7873,14.7388,13.0695,-2.40813,-2.40395,-2.24125
PHA76,360,29.55,332,1,29.6379,32.2445,28.032,26.5505,24.2636,0.199156,0.415503,0.801293
PHA77,0,0.6,312,1,1.83212,0.789057,0.596885,0.581242,0.560463,0.0191957,0.11869,0.259449
PHA77,28,45.525,312,1,27.8911,26.8666,42.4595,43.1501,39.8435,0.265535,0.202424,0.524434
PHA77,180,32.65,312,1,22.638,17.7279,28.7506,28.2328,26.2287,0.498813,0.575424,0.900393
PHA77,360,46.75,312,1,29.4282,34.0882,55.9411,52.0372,48.1161,-0.604263,-0.373685,-0.104419
PHA78,0,0.9925,279,1,1.83212,0.789057,1.03315,0.982956,0.94787,-0.144715,0.0357114,0.173168
PHA78,28,43.95,279,1,27.8911,26.8666,45.5103,45.6222,41.8244,-0.126093,-0.134801,0.186912
PHA78,180,42.9,279,1,22.638,17.7279,33.0019,33.0542,31.3434,1.10307,1.09551,1.35605
PHA78,360,57,279,1,30.5254,35.6448,70.9725,71.269,67.5492,-0.724058,-0.736348,-0.574368
PHA79,0,0.45,205,1,1.83212,0.789057,0.507504,0.503936,0.467245,-0.416726,-0.393636,-0.135742
PHA79,28,19.4075,205,1,27.8911,26.8666,31.4344,33.4683,29.3106,-1.40714,-1.54513,-1.24262
PHA79,180,30.4,205,1,22.6408,17.7307,22.6691,23.5543,21.3912,1.25427,1.0689,1.5489
PHA79,360,39.05,205,1,31.9801,42.1825,53.3411,55.0051,49.4989,-0.985358,-1.06681,-0.776362
PHA8,0,0.4725,0,0,1.83212,1.83212,0.57562,0.629345,0.484709,-0.658863,-0.916581,-0.0926393
PHA8,28,31.775,0,0,27.8911,27.8911,33.1645,33.5006,31.0908,-0.154089,-0.189442,0.0809383
PHA8,180,27.05,0,0,22.638,22.638,24.4697,25.1712,21.776,0.387815,0.274522,0.890731
PHA8,360,11.78,0,0,17.6808,17.6808,17.0718,17.9431,14.2845,-1.14002,-1.26326,-0.644828
PHA80,0,0.765,254,1,1.83212,0.789057,0.842042,0.752984,0.728062,-0.336498,0.0586911,0.186591
PHA80,28,19.7375,254,1,27.8911,26.8666,22.573,21.8757,20.6047,-0.461985,-0.359485,-0.154793
PHA80,180,8.3,254,1,22.638,17.7279,15.8602,15.0017,14.6372,-1.75313,-1.64299,-1.59231
PHA80,360,40.3,254,1,30.8845,38.0282,34.6083,32.7606,32.6464,0.60485,0.8464,0.862219
PHA81,0,6.1075,260,1,1.83212,0.789057,5.63064,5.73566,5.42136,0.311472,0.238432,0.465475
PHA81,28,35.3,260,1,27.8911,26.8666,33.6001,34.7845,32.2954,0.186066,0.0545038,0.34217
PHA81,180,17.75,260,1,22.638,17.7279,22.5783,22.4565,21.0898,-0.786485,-0.770812,-0.582422
PHA81,360,50.45,260,1,30.6935,36.639,47.3658,45.9952,44.6221,0.239476,0.356209,0.480339
PHA82,0,0.1645,249,1,1.83212,0.789057,0.241303,0.27772,0.186187,-1.17059,-1.49936,-0.428397
PHA82,28,38.075,249,1,27.8911,26.8666,38.4403,44.1806,36.7339,-0.0349462,-0.508261,0.134274
PHA82,180,23.65,249,1,22.638,17.7279,24.9312,28.0275,22.9118,-0.189004,-0.574428,0.118501
PHA82,360,51.8,249,1,31.5495,38.259,51.9528,59.0322,48.0099,-0.0108164,-0.45058,0.290345
PHA83,0,0.37975,225,1,1.83212,0.789057,0.439542,0.436721,0.407033,-0.5003,-0.479775,-0.246516
PHA83,28,26.45,225,1,27.8911,26.8666,28.5888,27.6468,25.4591,-0.275141,-0.159209,0.143149
PHA83,180,3.33,225,1,22.638,17.7279,19.1876,18.909,17.4054,-3.03953,-3.03013,-2.97418
PHA83,360,47.65,225,1,31.943,39.7883,42.9193,42.1002,40.0218,0.405383,0.484827,0.701001
PHA84,0,1.5425,181,1,1.83212,0.789057,1.59901,1.47875,1.44357,-0.129984,0.158566,0.252044
PHA84,28,20.87,181,1,27.8911,26.8666,24.1909,24.2793,22.5962,-0.50489,-0.516443,-0.280964
PHA84,180,10.775,181,1,22.6408,17.7262,17.1632,16.9968,16.1643,-1.3689,-1.34629,-1.22621
PHA84,360,52.85,181,1,32.7319,42.8227,41.5352,41.8225,39.8997,1.00189,0.969744,1.19372
PHA85,0,0.7125,341,1,1.83212,0.789057,0.784298,0.80858,0.768853,-0.336684,-0.437019,-0.269565
PHA85,28,27.75,341,1,27.8911,26.8666,23.4268,24.5648,23.9294,0.678712,0.476892,0.587212
PHA85,180,8.875,341,1,22.638,17.7279,16.2161,16.0753,14.9799,-1.66497,-1.64734,-1.49885
PHA85,360,27.18,341,1,27.9011,28.8132,27.5171,26.1186,23.3247,-0.0450498,0.149452,0.607905
PHA86,0,0.275,259,1,1.83212,0.789057,0.310632,0.417266,0.349271,-0.421875,-1.25394,-0.782072
PHA86,28,34.875,259,1,27.8911,26.8666,33.2782,33.5562,30.8038,0.176475,0.144545,0.486074
PHA86,180,7.1,259,1,22.638,17.7279,20.3669,21.0804,17.2888,-2.39571,-2.4391,-2.16745
PHA86,360,42.65,259,1,30.6156,37.5554,41.1869,42.3419,35.3161,0.130645,0.0267632,0.763749
PHA87,0,3.025,229,1,1.83212,0.789057,3.14628,2.95317,2.95116,-0.141775,0.0894502,0.0920273
PHA87,28,39.15,229,1,27.8911,26.8666,34.9791,35.6797,33.2227,0.438539,0.357716,0.656158
PHA87,180,26.6,229,1,22.638,17.7279,24.1693,24.6333,23.0283,0.369884,0.293635,0.570425
PHA87,360,52.05,229,1,32.0023,39.7403,54.8622,55.0408,50.931,-0.188521,-0.199845,0.0808013
PHA88,0,0.4175,256,1,1.83212,0.789057,0.478804,0.524333,0.453806,-0.470892,-0.749356,-0.294234
PHA88,28,24.725,256,1,27.8911,26.8666,26.6925,26.5515,22.9711,-0.271097,-0.252998,0.280814
PHA88,180,8.595,256,1,22.638,17.7279,17.5649,18.1536,15.5786,-1.87815,-1.93652,-1.6487
PHA88,360,43.4,256,1,31.1491,37.2374,37.3948,38.5522,33.7505,0.590616,0.462474,1.05152
PHA89,0,2.6075,238,1,1.83212,0.789057,2.3516,2.92434,2.68536,0.400219,-0.39848,-0.106633
PHA89,28,42.85,238,1,27.8911,26.8666,34.5173,36.4005,34.7103,0.887855,0.651637,0.862457
PHA89,180,25.3,238,1,22.638,17.7279,22.9902,24.3671,22.2263,0.369511,0.140813,0.508602
PHA89,360,48.8,238,1,31.629,38.635,50.1784,53.2225,47.3788,-0.101032,-0.305608,0.110322
PHA9,0,0.775,0,0,1.83212,1.83212,0.852546,0.874359,0.813277,-0.334528,-0.417935,-0.173096
PHA9,28,33.525,0,0,27.8911,27.8911,36.1775,36.1355,33.5927,-0.269654,-0.265689,-0.00741256
PHA9,180,30.15,0,0,22.638,22.638,31.616,32.08,29.4047,-0.170531,-0.22127,0.0932196
PHA9,360,32.15,0,0,17.6808,17.6808,26.9505,27.861,25.1138,0.709549,0.566173,1.03043
PHA90,0,0.234,250,1,1.83212,0.789057,0.260866,0.31538,0.257541,-0.378771,-0.949017,-0.336181
PHA90,28,40.525,250,1,27.8911,26.8666,45.4453,46.3962,43.0367,-0.398191,-0.465411,-0.214645
PHA90,180,37.4,250,1,22.638,17.7279,32.1344,31.6582,28.4931,0.602647,0.667034,1.14968
PHA90,360,55.65,250,1,31.6167,37.114,70.4883,68.9131,60.21,-0.774205,-0.707839,-0.278541
PHA92,0,0.4425,201,1,1.83212,0.789057,0.478524,0.547387,0.470783,-0.276871,-0.704723,-0.220952
PHA92,28,42.475,201,1,27.8911,26.8666,39.6118,42.8478,36.8069,0.265836,-0.0319965,0.566369
PHA92,180,30,201,1,22.6408,17.7307,26.0234,27.6671,22.9134,0.562009,0.310111,1.13746
PHA92,360,40.55,201,1,31.9953,41.4802,59.7793,64.0544,52.2784,-1.18305,-1.34955,-0.825098
PHA93,0,1.0675,198,1,1.83212,0.789057,1.26526,1.12161,1.10019,-0.574854,-0.177438,-0.109267
PHA93,28,33.55,198,1,27.8911,26.8666,30.434,28.5463,27.9389,0.376561,0.644655,0.738638
PHA93,180,16.6,198,1,22.6408,17.7307,17.4489,17.1573,15.7584,-0.178936,-0.119462,0.19641
PHA93,360,34.35,198,1,32.0679,41.7477,40.3371,39.9597,35.9245,-0.545885,-0.51631,-0.16119
